$ 1 0.000005 10.20027730826997 50 5 43 5e-11
151 880 240 1056 240 0 2 0 5
151 880 336 1056 336 0 2 5 5
151 1152 240 1328 240 0 2 5 5
151 1152 336 1312 336 0 2 0 5
w 880 224 720 224 0
w 880 256 800 256 0
w 800 256 800 352 0
w 800 352 880 352 0
w 880 320 880 288 0
w 880 288 1056 288 0
w 1056 288 1056 240 0
w 1056 240 1120 240 0
w 1120 240 1120 224 0
w 1120 224 1152 224 0
w 1056 336 1136 336 0
w 1136 336 1136 352 0
w 1136 352 1152 352 0
w 1152 320 1152 288 0
w 1152 288 1296 288 0
w 1296 288 1328 288 0
w 1328 288 1328 240 0
w 1152 256 1152 272 0
w 1152 272 1296 272 0
w 1296 272 1296 320 0
w 1296 320 1312 320 0
w 1312 320 1312 336 0
w 704 256 800 256 0
v 656 400 656 224 0 0 40 8 0 0 0.5
g 656 400 656 432 0 0
w 656 224 720 224 0
w 656 400 704 400 0
v 704 368 704 288 0 0 40 5 0 0 0.5
w 704 400 704 368 0
w 704 288 704 256 0
w 1328 240 1392 240 0
w 1312 336 1392 336 0
